2048 194.54167 914.897 0.65355253
4096 1.0 0.0 0.0
2 2.0 0.0 0.0
2052 163.0 2283.182 0.5456737
4100 419.22223 3204.8657 0.6571492
2055 319.0 683.5418 0.6051545
8 125.2 1954.2633 0.48730785
4109 239.83333 3860.522 0.56891763
4110 339.9524 2004.9812 0.6232343
17 310.0 1647.1548 0.61104465
20 401.5357 2931.456 0.6491038
2069 94.0 189.3433 0.50185466
4121 6.0 0.0 0.45971075
27 402.66666 2301.864 0.64768314
2078 395.0 2594.1833 0.6468552
4126 311.125 2097.9954 0.58780485
4129 395.5 1432.4465 0.6202496
4130 1.0 0.0 0.0
35 389.29413 2403.355 0.62106526
4131 380.14285 2097.4465 0.599048
4132 267.6875 1639.9562 0.55742604
4134 187.64285 559.59045 0.5286251
42 201.83333 507.8335 0.5336064
2091 377.46667 1875.7903 0.5986497
45 181.0 1154.8971 0.49620816
49 292.7 2877.646 0.55758995
50 74.5 61.743122 0.4841284
4149 6.0 0.0 1.0
2102 257.0 1272.9233 0.5506194
2105 321.8 1885.9532 0.5721311
62 448.125 6052.2544 0.61212295
2110 11.2 0.21425314 0.42041793
4161 274.36365 2865.6719 0.55269235
4165 90.71429 249.70436 0.48447812
4167 405.6111 2924.7825 0.5960534
73 12.0 1.0712657 0.0
2125 486.2381 4232.2437 0.62740064
2126 245.0 5458.136 0.51529866
81 286.66666 732.71014 0.5611262
2130 521.6129 4398.7153 0.6361653
4178 131.16667 622.2195 0.50677466
2132 513.8333 3620.2146 0.6339431
85 546.25 5426.5396 0.6492174
4184 127.44444 3858.4707 0.4977586
89 110.25 806.81506 0.46428466
2140 426.68 3861.4065 0.6055745
2142 526.96295 4958.177 0.640641
2145 147.6 510.09134 0.50840825
2146 507.80487 4670.3164 0.6332916
99 204.66667 757.5319 0.5171022
100 127.0 2231.0789 0.480601
2148 291.5 4439.8047 0.52519816
2149 475.375 6313.313 0.62031776
2153 456.89655 3627.8174 0.6162951
106 518.3929 4847.0312 0.6369902
107 415.5 6679.1997 0.6062299
4207 302.05884 2712.021 0.56717825
113 152.38461 2451.5667 0.4939393
2164 492.2 4161.286 0.6264106
2168 34.0 456.07953 0.44295788
122 391.0 2777.077 0.59699386
2179 225.52942 2274.6924 0.5327832
131 359.2 3809.3237 0.5851743
2183 434.2857 2363.45 0.60863894
2187 522.65 4784.2324 0.6400569
2189 246.25 1021.28754 0.524066
144 290.75 1001.911 0.5613327
4241 255.66667 896.7574 0.546542
2194 467.5 3307.3447 0.61896104
146 137.6 574.2591 0.5068111
2196 371.0 5806.387 0.56725645
2198 414.0 2498.4019 0.6014964
2201 543.2857 4460.346 0.6434608
4250 275.75 2151.5125 0.56023717
2206 516.0833 4794.779 0.6344586
2207 597.1667 8234.636 0.66487545
161 141.0 488.8111 0.5038373
4258 348.57144 2043.8689 0.57987225
2211 451.375 2953.4275 0.6131097
2213 75.75 68.94758 0.48431504
170 2.0 0.0 0.0
2222 454.18182 4470.864 0.61534494
174 224.46153 1038.0261 0.53549016
4271 190.83333 209.32114 0.5245791
180 426.0 1048.5134 0.0
182 524.9048 3613.67 0.63630754
184 27.5 50.095253 0.451062
4281 418.11905 3557.7915 0.6024096
2237 178.0 488.36743 0.5036605
4286 459.5238 3656.1536 0.6169727
4287 523.4706 4012.0679 0.6378181
2248 257.58823 1906.08 0.5467499
2251 172.3 2933.9966 0.50150263
4300 142.125 4400.73 0.50276804
4306 439.8 2639.109 0.6082637
211 308.33334 705.0157 0.54819274
2263 274.33334 692.2249 0.55247545
4311 237.5 1080.9856 0.54346573
2264 399.16666 1762.0074 0.5944857
216 179.66667 3662.6067 0.49087787
4313 112.75 264.85776 0.49567634
2266 607.5 7463.5005 0.6656208
4314 3.0 0.0 1.0
220 524.875 5497.294 0.638563
224 429.8889 3966.9897 0.6052556
4320 281.4 2786.439 0.55707216
4322 524.1429 11348.421 0.6450277
4323 377.0 2228.722 0.58889127
4328 396.0 2144.4736 0.59746814
4329 230.21428 1365.741 0.50878024
4330 476.95 3997.4868 0.6229167
2283 175.88889 5237.462 0.51057816
4331 230.21428 1365.741 0.50878024
2284 434.76923 2585.062 0.60765624
2286 322.83334 443.9827 0.5705443
2287 341.375 1003.3257 0.5776073
4336 313.0 2641.033 0.56738824
2290 442.25 2538.9421 0.61040664
4338 126.6 248.72887 0.50278115
243 489.95834 3503.6135 0.62577033
4341 12.333333 0.30533412 0.42353445
4344 377.83334 9815.868 0.5847256
2297 103.666664 289.13104 0.4887335
251 151.4 764.3988 0.51510245
255 478.5 4915.5977 0.6241074
257 257.82352 1916.3794 0.54673547
4356 362.1111 5640.3984 0.58653647
261 27.0 1887.5985 0.39364278
4362 284.8 1603.1262 0.55586624
4363 12.0 0.32454482 0.0
267 493.17648 3316.2559 0.6257488
268 181.4 4205.977 0.52241415
2316 20.0 1.1464792 0.0
269 295.0 1264.5116 0.5502377
4367 480.0 3808.0408 0.6264713
271 528.2857 5114.2495 0.6406769
272 289.0 1797.8867 0.5594364
273 325.25 1853.6929 0.57037586
2321 11.0 1.6 1.0
4371 154.4 779.7989 0.51771516
2323 530.88 4998.824 0.63799053
4376 604.86206 5764.6104 0.66330576
2328 444.5 3050.5452 0.6106099
4377 592.25 16650.879 0.6659385
4378 443.75 3700.9614 0.607379
283 135.57143 1863.0933 0.49727458
2332 2.0 0.0 1.0
4389 192.66667 3665.0042 0.4996051
2342 343.33334 1438.3436 0.57675123
297 579.2 5427.6826 0.6553034
4400 428.4 2928.6206 0.60519665
2353 384.16666 2111.8408 0.5815704
4403 326.625 3609.103 0.57329726
312 573.4 7396.4434 0.65446484
2360 166.5 1674.1343 0.5030955
2363 513.90625 4155.9966 0.63139045
4412 544.4483 5443.606 0.6448822
317 211.0 11365.168 0.51854134
4415 257.25 1050.2545 0.5460063
2368 534.2353 4842.399 0.63836294
2371 520.6 6677.796 0.63845223
331 282.6 5569.8037 0.5413305
2379 2.0 0.0 0.0
332 451.33334 3840.7656 0.6150589
2380 372.33334 2298.2883 0.5875271
333 601.5 3960.112 0.65891916
334 403.2857 1515.3715 0.59500134
2382 342.0 1502.9231 0.571421
335 166.0 713.00964 0.51595676
341 221.0 395.76968 0.5416708
343 153.125 925.26843 0.44038928
349 454.0 4252.6553 0.6151471
351 176.0 3659.2134 0.48971048
4451 430.75 3874.73 0.6077425
355 598.86664 6889.8345 0.66734976
4452 262.4 1482.9542 0.5488961
4453 632.6957 7268.2266 0.67468625
4454 381.47827 1960.333 0.5906978
358 456.33334 4921.758 0.61487824
4455 5.0 0.0 0.0
359 40.2 1460.5173 0.3824317
4457 399.27274 2098.8403 0.5961918
4464 417.0 3219.566 0.6028338
369 431.0 4239.852 0.6103894
2420 337.42856 4754.437 0.5764467
375 218.0 1207.7065 0.4989054
4472 291.5 1809.58 0.56429815
2424 389.5 3600.9172 0.5947217
377 256.4 2094.001 0.5468981
2425 529.0 5969.4795 0.640259
4477 76.2 217.55159 0.47705305
4478 181.4 4205.977 0.52241415
4480 354.0 7954.879 0.5792332
2432 448.5 6434.9414 0.617429
385 539.7 9199.921 0.6463476
2436 456.5 1784.5442 0.61183953
388 430.22223 3011.1997 0.6060894
2437 344.0 6957.1 0.5675804
390 464.6 6553.329 0.6188563
4487 453.0345 3289.6433 0.6142381
4489 390.5 4495.601 0.59354234
2442 473.05 3304.005 0.61976254
2443 245.15384 974.3987 0.5421529
395 339.0 2082.327 0.57505816
4494 373.83334 1868.1069 0.5871966
2448 555.6667 13708.264 0.6430304
2450 270.7 2738.9956 0.5390936
4506 506.57144 4237.9814 0.6335599
2458 76.2 217.55159 0.47705305
4508 539.0 5755.919 0.6448773
4509 439.66666 3305.7493 0.6069825
2461 512.6667 13646.178 0.6364756
4511 77.0 318.00485 0.0
415 539.6667 4959.9126 0.6447091
416 125.5 2.6677234 0.5104771
4515 456.57144 2659.1865 0.6136103
419 355.8 6446.4272 0.5803262
4518 455.7619 4524.684 0.611827
2470 175.0 3958.8545 0.49052522
422 129.0 0.0 0.0
4519 524.6667 5368.256 0.63656324
2475 242.66667 2956.7273 0.5356336
2476 507.13333 6587.121 0.63357157
4527 390.33334 3600.7114 0.59073263
2479 598.94116 8183.207 0.6642542
431 196.5 5892.1445 0.518243
4529 340.08334 2608.3035 0.5748091
2484 115.2 88.277885 0.49886084
4534 173.0 947.44714 0.5040726
438 575.4286 6356.37 0.6555569
2490 171.0 945.9276 0.5024275
442 514.1071 5208.734 0.6333559
2492 503.76923 3663.3926 0.62957466
2494 299.6 2939.8735 0.56343687
4544 567.0 7119.969 0.6517931
2497 630.1818 7830.225 0.67776304
4546 598.9 7802.7036 0.6633174
2498 75.333336 97.94894 0.4839456
4547 422.2 2619.3303 0.602144
2505 428.625 4015.4348 0.60918576
2510 480.0 12476.326 0.6211216
4559 83.333336 91.33425 0.47151306
463 429.2 3914.1455 0.6055184
2516 620.1818 9274.65 0.6724413
4569 281.91666 2384.147 0.55488515
2522 199.5 1233.6913 0.44047552
480 284.8889 1748.5068 0.55896854
481 395.0 1380.4547 0.591887
483 225.5 8828.642 0.5062483
484 396.25 3201.1707 0.59699833
485 540.9167 7053.341 0.64300907
486 519.4286 4554.3564 0.63662606
487 313.0 17047.752 0.55378056
4585 476.875 6373.6255 0.6226298
489 603.0 7198.229 0.6695949
4586 482.25714 4073.1995 0.622114
491 426.0909 2779.4207 0.6056259
4589 255.42857 2489.244 0.5489048
494 337.26315 2808.2014 0.5728982
500 251.0 4131.862 0.538907
4597 534.2857 7969.03 0.64653254
2552 82.44444 355.39664 0.44788477
2557 43.666668 624.4011 0.45844203
509 412.66666 9521.0 0.61334735
4606 379.05554 2260.9517 0.5890558
2562 385.0 4273.42 0.58755344
4610 433.47827 3417.1023 0.60738367
515 592.63635 6239.549 0.661129
2563 40.0 0.6574625 0.0
4613 131.75 699.0866 0.4636457
2048 194.54167 914.897 0.65355253
4096 1.0 0.0 0.0
2 2.0 0.0 0.0
2052 163.0 2283.182 0.5456737
4100 419.22223 3204.8657 0.6571492
2055 319.0 683.5418 0.6051545
8 125.2 1954.2633 0.48730785
4109 239.83333 3860.522 0.56891763
4110 339.9524 2004.9812 0.6232343
17 310.0 1647.1548 0.61104465
20 401.5357 2931.456 0.6491038
2069 94.0 189.3433 0.50185466
4121 6.0 0.0 0.45971075
27 402.66666 2301.864 0.64768314
2078 395.0 2594.1833 0.6468552
4126 311.125 2097.9954 0.58780485
4129 395.5 1432.4465 0.6202496
4130 1.0 0.0 0.0
35 389.29413 2403.355 0.62106526
4131 380.14285 2097.4465 0.599048
4132 267.6875 1639.9562 0.55742604
4134 187.64285 559.59045 0.5286251
42 201.83333 507.8335 0.5336064
2091 377.46667 1875.7903 0.5986497
45 181.0 1154.8971 0.49620816
49 292.7 2877.646 0.55758995
50 74.5 61.743122 0.4841284
4149 6.0 0.0 1.0
2102 257.0 1272.9233 0.5506194
2105 321.8 1885.9532 0.5721311
62 448.125 6052.2544 0.61212295
2110 11.2 0.21425314 0.42041793
4161 274.36365 2865.6719 0.55269235
4165 90.71429 249.70436 0.48447812
4167 405.6111 2924.7825 0.5960534
73 12.0 1.0712657 0.0
2125 486.2381 4232.2437 0.62740064
2126 245.0 5458.136 0.51529866
81 286.66666 732.71014 0.5611262
2130 521.6129 4398.7153 0.6361653
4178 131.16667 622.2195 0.50677466
2132 513.8333 3620.2146 0.6339431
85 546.25 5426.5396 0.6492174
4184 127.44444 3858.4707 0.4977586
89 110.25 806.81506 0.46428466
2140 426.68 3861.4065 0.6055745
2142 526.96295 4958.177 0.640641
2145 147.6 510.09134 0.50840825
2146 507.80487 4670.3164 0.6332916
99 204.66667 757.5319 0.5171022
100 127.0 2231.0789 0.480601
2148 291.5 4439.8047 0.52519816
2149 475.375 6313.313 0.62031776
2153 456.89655 3627.8174 0.6162951
106 518.3929 4847.0312 0.6369902
107 415.5 6679.1997 0.6062299
4207 302.05884 2712.021 0.56717825
113 152.38461 2451.5667 0.4939393
2164 492.2 4161.286 0.6264106
2168 34.0 456.07953 0.44295788
122 391.0 2777.077 0.59699386
2179 225.52942 2274.6924 0.5327832
131 359.2 3809.3237 0.5851743
2183 434.2857 2363.45 0.60863894
2187 522.65 4784.2324 0.6400569
2189 246.25 1021.28754 0.524066
144 290.75 1001.911 0.5613327
4241 255.66667 896.7574 0.546542
2194 467.5 3307.3447 0.61896104
146 137.6 574.2591 0.5068111
2196 371.0 5806.387 0.56725645
2198 414.0 2498.4019 0.6014964
2201 543.2857 4460.346 0.6434608
4250 275.75 2151.5125 0.56023717
2206 516.0833 4794.779 0.6344586
2207 597.1667 8234.636 0.66487545
161 141.0 488.8111 0.5038373
4258 348.57144 2043.8689 0.57987225
2211 451.375 2953.4275 0.6131097
2213 75.75 68.94758 0.48431504
170 2.0 0.0 0.0
2222 454.18182 4470.864 0.61534494
174 224.46153 1038.0261 0.53549016
4271 190.83333 209.32114 0.5245791
180 426.0 1048.5134 0.0
182 524.9048 3613.67 0.63630754
184 27.5 50.095253 0.451062
4281 418.11905 3557.7915 0.6024096
2237 178.0 488.36743 0.5036605
4286 459.5238 3656.1536 0.6169727
4287 523.4706 4012.0679 0.6378181
2248 257.58823 1906.08 0.5467499
2251 172.3 2933.9966 0.50150263
4300 142.125 4400.73 0.50276804
4306 439.8 2639.109 0.6082637
211 308.33334 705.0157 0.54819274
2263 274.33334 692.2249 0.55247545
4311 237.5 1080.9856 0.54346573
2264 399.16666 1762.0074 0.5944857
216 179.66667 3662.6067 0.49087787
4313 112.75 264.85776 0.49567634
2266 607.5 7463.5005 0.6656208
4314 3.0 0.0 1.0
220 524.875 5497.294 0.638563
224 429.8889 3966.9897 0.6052556
4320 281.4 2786.439 0.55707216
4322 524.1429 11348.421 0.6450277
4323 377.0 2228.722 0.58889127
4328 396.0 2144.4736 0.59746814
4329 230.21428 1365.741 0.50878024
4330 476.95 3997.4868 0.6229167
2283 175.88889 5237.462 0.51057816
4331 230.21428 1365.741 0.50878024
2284 434.76923 2585.062 0.60765624
2286 322.83334 443.9827 0.5705443
2287 341.375 1003.3257 0.5776073
4336 313.0 2641.033 0.56738824
2290 442.25 2538.9421 0.61040664
4338 126.6 248.72887 0.50278115
243 489.95834 3503.6135 0.62577033
4341 12.333333 0.30533412 0.42353445
4344 377.83334 9815.868 0.5847256
2297 103.666664 289.13104 0.4887335
251 151.4 764.3988 0.51510245
255 478.5 4915.5977 0.6241074
257 257.82352 1916.3794 0.54673547
4356 362.1111 5640.3984 0.58653647
261 27.0 1887.5985 0.39364278
4362 284.8 1603.1262 0.55586624
4363 12.0 0.32454482 0.0
267 493.17648 3316.2559 0.6257488
268 181.4 4205.977 0.52241415
2316 20.0 1.1464792 0.0
269 295.0 1264.5116 0.5502377
4367 480.0 3808.0408 0.6264713
271 528.2857 5114.2495 0.6406769
272 289.0 1797.8867 0.5594364
273 325.25 1853.6929 0.57037586
2321 11.0 1.6 1.0
4371 154.4 779.7989 0.51771516
2323 530.88 4998.824 0.63799053
4376 604.86206 5764.6104 0.66330576
2328 444.5 3050.5452 0.6106099
4377 592.25 16650.879 0.6659385
4378 443.75 3700.9614 0.607379
283 135.57143 1863.0933 0.49727458
2332 2.0 0.0 1.0
4389 192.66667 3665.0042 0.4996051
2342 343.33334 1438.3436 0.57675123
297 579.2 5427.6826 0.6553034
4400 428.4 2928.6206 0.60519665
2353 384.16666 2111.8408 0.5815704
4403 326.625 3609.103 0.57329726
312 573.4 7396.4434 0.65446484
2360 166.5 1674.1343 0.5030955
2363 513.90625 4155.9966 0.63139045
4412 544.4483 5443.606 0.6448822
317 211.0 11365.168 0.51854134
4415 257.25 1050.2545 0.5460063
2368 534.2353 4842.399 0.63836294
2371 520.6 6677.796 0.63845223
331 282.6 5569.8037 0.5413305
2379 2.0 0.0 0.0
332 451.33334 3840.7656 0.6150589
2380 372.33334 2298.2883 0.5875271
333 601.5 3960.112 0.65891916
334 403.2857 1515.3715 0.59500134
2382 342.0 1502.9231 0.571421
335 166.0 713.00964 0.51595676
341 221.0 395.76968 0.5416708
343 153.125 925.26843 0.44038928
349 454.0 4252.6553 0.6151471
351 176.0 3659.2134 0.48971048
4451 430.75 3874.73 0.6077425
355 598.86664 6889.8345 0.66734976
4452 262.4 1482.9542 0.5488961
4453 632.6957 7268.2266 0.67468625
4454 381.47827 1960.333 0.5906978
358 456.33334 4921.758 0.61487824
4455 5.0 0.0 0.0
359 40.2 1460.5173 0.3824317
4457 399.27274 2098.8403 0.5961918
4464 417.0 3219.566 0.6028338
369 431.0 4239.852 0.6103894
2420 337.42856 4754.437 0.5764467
375 218.0 1207.7065 0.4989054
4472 291.5 1809.58 0.56429815
2424 389.5 3600.9172 0.5947217
377 256.4 2094.001 0.5468981
2425 529.0 5969.4795 0.640259
4477 76.2 217.55159 0.47705305
4478 181.4 4205.977 0.52241415
4480 354.0 7954.879 0.5792332
2432 448.5 6434.9414 0.617429
385 539.7 9199.921 0.6463476
2436 456.5 1784.5442 0.61183953
388 430.22223 3011.1997 0.6060894
2437 344.0 6957.1 0.5675804
390 464.6 6553.329 0.6188563
4487 453.0345 3289.6433 0.6142381
4489 390.5 4495.601 0.59354234
2442 473.05 3304.005 0.61976254
2443 245.15384 974.3987 0.5421529
395 339.0 2082.327 0.57505816
4494 373.83334 1868.1069 0.5871966
2448 555.6667 13708.264 0.6430304
2450 270.7 2738.9956 0.5390936
4506 506.57144 4237.9814 0.6335599
2458 76.2 217.55159 0.47705305
4508 539.0 5755.919 0.6448773
4509 439.66666 3305.7493 0.6069825
2461 512.6667 13646.178 0.6364756
4511 77.0 318.00485 0.0
415 539.6667 4959.9126 0.6447091
416 125.5 2.6677234 0.5104771
4515 456.57144 2659.1865 0.6136103
419 355.8 6446.4272 0.5803262
4518 455.7619 4524.684 0.611827
2470 175.0 3958.8545 0.49052522
422 129.0 0.0 0.0
4519 524.6667 5368.256 0.63656324
2475 242.66667 2956.7273 0.5356336
2476 507.13333 6587.121 0.63357157
4527 390.33334 3600.7114 0.59073263
2479 598.94116 8183.207 0.6642542
431 196.5 5892.1445 0.518243
4529 340.08334 2608.3035 0.5748091
2484 115.2 88.277885 0.49886084
4534 173.0 947.44714 0.5040726
438 575.4286 6356.37 0.6555569
2490 171.0 945.9276 0.5024275
442 514.1071 5208.734 0.6333559
2492 503.76923 3663.3926 0.62957466
2494 299.6 2939.8735 0.56343687
4544 567.0 7119.969 0.6517931
2497 630.1818 7830.225 0.67776304
4546 598.9 7802.7036 0.6633174
2498 75.333336 97.94894 0.4839456
4547 422.2 2619.3303 0.602144
2505 428.625 4015.4348 0.60918576
2510 480.0 12476.326 0.6211216
4559 83.333336 91.33425 0.47151306
463 429.2 3914.1455 0.6055184
2516 620.1818 9274.65 0.6724413
4569 281.91666 2384.147 0.55488515
2522 199.5 1233.6913 0.44047552
480 284.8889 1748.5068 0.55896854
481 395.0 1380.4547 0.591887
483 225.5 8828.642 0.5062483
484 396.25 3201.1707 0.59699833
485 540.9167 7053.341 0.64300907
486 519.4286 4554.3564 0.63662606
487 313.0 17047.752 0.55378056
4585 476.875 6373.6255 0.6226298
489 603.0 7198.229 0.6695949
4586 482.25714 4073.1995 0.622114
491 426.0909 2779.4207 0.6056259
4589 255.42857 2489.244 0.5489048
494 337.26315 2808.2014 0.5728982
500 251.0 4131.862 0.538907
4597 534.2857 7969.03 0.64653254
2552 82.44444 355.39664 0.44788477
2557 43.666668 624.4011 0.45844203
509 412.66666 9521.0 0.61334735
4606 379.05554 2260.9517 0.5890558
2562 385.0 4273.42 0.58755344
4610 433.47827 3417.1023 0.60738367
515 592.63635 6239.549 0.661129
2563 40.0 0.6574625 0.0
4613 131.75 699.0866 0.4636457
519 443.89743 3235.856 0.6109437
522 514.2381 3856.7466 0.6329147
2571 232.4 1890.6017 0.5381203
2573 138.0 393.82684 0.5115482
526 421.33334 1136.0885 0.5992157
528 7.0 0.0 0.0
2576 277.0 1239.071 0.54015356
4625 351.33334 2565.6707 0.5845869
2578 560.5 3730.8394 0.646833
4626 387.5 2667.0835 0.5897368
4629 360.66666 2037.0117 0.5796311
4631 230.88889 2688.4639 0.54035693
2594 368.0 1268.645 0.58557487
2597 216.42857 1601.343 0.5341825
4645 443.75 2863.7131 0.60931903
4647 476.5 5503.326 0.6221002
2601 175.88889 5237.462 0.51057816
4649 389.0 762.5576 0.5901668
2603 208.07143 2304.9065 0.5268312
556 133.5 1730.4238 0.45308226
2604 367.16666 6897.1235 0.58993983
2606 493.91306 3607.0522 0.6280253
4655 9.75 302.5 0.4006937
560 555.08 5103.2373 0.647535
2608 397.0 4327.27 0.5991791
2615 277.5 1786.933 0.55541843
2618 378.0 2431.1213 0.58002627
573 320.33334 4089.9756 0.56110764
4671 421.66666 3735.2883 0.6055237
577 232.05556 2219.6262 0.5387209
4674 429.2 3914.1455 0.6055184
4675 218.44444 2253.8843 0.53076255
580 138.16667 2482.9934 0.47889262
583 583.0 5860.5415 0.6540847
585 530.6129 4633.1274 0.6398229
2638 350.75 2444.4604 0.582308
592 17.5 58.5406 0.44435668
595 218.5 783.72095 0.5326102
4694 291.0 1619.3785 0.0
601 639.0 14056.556 0.6831985
4697 64.5 192.66318 0.49734175
2651 320.55554 4150.39 0.56837547
2652 537.6 6641.9097 0.6407604
2653 468.75 4186.2305 0.6226201
2656 218.75 3143.1978 0.532296
2657 518.42 4314.847 0.63455755
4708 436.67743 4153.109 0.6085743
613 515.8 5011.591 0.63433367
4712 445.75 7049.332 0.6130597
617 311.2857 7627.615 0.56167024
4713 3.0 0.0 1.0
4715 513.06525 3977.0684 0.6331579
4716 5.0 0.0 0.0
4717 263.57144 3386.2073 0.55093956
622 380.5 4405.253 0.59543574
2672 296.5 4434.5225 0.55591214
4721 179.0 21.368113 0.0
626 3.0 0.0 0.0
4727 373.5 6197.7925 0.5938285
2680 471.5 4146.1416 0.621159
635 423.125 1934.8077 0.60162574
2684 2.0 0.0 0.0
4736 424.85184 2510.308 0.60419047
4737 255.0 4128.504 0.54758614
642 325.7143 2391.5317 0.5717718
643 554.5 14220.366 0.66663486
2693 358.0 4434.995 0.5841777
647 253.5 6301.628 0.5182755
4744 347.75 1803.84 0.5779683
649 601.3889 6917.829 0.66224647
650 82.25 222.31088 0.47974718
4746 344.375 2818.484 0.5754624
652 494.22223 7301.917 0.6276497
653 2.0 0.0 0.0
4749 8.0 1220.0 0.0
654 319.75 2032.5658 0.5667292
655 513.95654 4576.371 0.6331881
2704 380.33334 2516.7188 0.58955044
2705 1.0 0.0 0.0
4753 330.33334 1377.7211 0.5692129
2706 1.0 0.0 0.0
4754 400.33334 1559.4175 0.59357756
660 376.66666 4696.577 0.5783853
661 537.0 7028.176 0.64290774
665 143.25 4418.0947 0.5020652
666 203.88889 2182.4734 0.524905
2718 560.5714 7679.4355 0.65103614
4766 229.46153 795.3887 0.54007375
671 484.52173 4421.6245 0.6209814
4768 510.10715 4888.074 0.63186586
4771 393.5 2688.9055 0.58901346
676 362.33334 3673.4097 0.5822712
2729 411.0 3405.9353 0.5996273
682 517.0 8967.932 0.6322786
683 153.0 3211.9158 0.49208963
2734 562.4762 5628.182 0.65002304
690 502.23077 7258.4414 0.63153726
693 178.8 1954.2233 0.48953775
4793 262.64285 1053.726 0.5512075
2747 497.275 4585.1665 0.6285061
700 370.6 1948.4684 0.5868418
4798 255.5 6301.628 0.5387932
703 424.2857 3621.293 0.60453135
2753 463.5 1600.9359 0.61250097
711 286.0 7632.3394 0.55696917
2761 160.0 1068.5554 0.46502212
715 3.0 0.0 0.0
2764 396.0 6778.43 0.5998879
4813 554.9 8009.1846 0.6494729
2767 270.33334 1147.7605 0.5539529
4819 419.73334 2507.4941 0.6003369
4821 141.22223 877.7276 0.48955244
2777 449.0 6710.1943 0.61290675
2778 158.4 175.00763 0.5028473
730 9.0 0.0 0.43297872
2779 426.59222 2959.3066 0.6037728
2780 192.83333 1280.5363 0.49317837
733 470.53845 2880.633 0.6186558
2782 33.0 25.657732 0.0
4830 531.17645 3422.0435 0.63700736
2784 202.0 1432.6849 0.5310171
4833 523.1667 4970.034 0.636116
4834 407.66666 3987.3052 0.5999627
2790 403.125 4376.1753 0.6000687
742 207.25 3538.6775 0.51171803
2792 268.0 1297.7809 0.5141544
4840 477.0 1532.7362 0.61629796
745 7.0 0.0 0.0
748 526.3333 6139.8604 0.6433253
4845 464.57144 3803.8604 0.61590415
2798 208.0 916.51904 0.0
4851 151.44444 4146.8125 0.4789326
2807 281.26666 2629.7075 0.5594918
2808 624.7 6458.576 0.6714307
761 484.11765 3423.134 0.6239992
762 101.0 131.59824 0.0
764 388.73077 2736.1726 0.59026766
2815 319.76 3031.4526 0.48991188
4863 332.0 1304.5782 0.5760325
2816 64.333336 27.712868 0.48306286
772 357.79166 3167.9873 0.5797174
4873 268.5 1279.1151 0.53042644
4874 336.0 3640.2017 0.575081
4878 1.0 0.0 0.0
4880 201.8 3659.492 0.51539874
4881 429.33334 3378.0696 0.60697967
786 129.0 144.11409 0.50976217
4883 153.0 629.726 0.43396658
787 184.0 262.25073 0.0
4885 571.7273 7012.2334 0.65016484
791 223.8 5703.02 0.54139596
793 361.0 5824.183 0.5836896
4890 1.0 0.0 0.0
4892 1.0 0.0 0.0
796 375.0 2962.3994 0.52339244
4894 490.47058 2825.152 0.6229985
4896 395.5 9345.81 0.5943328
4897 266.7143 3407.6826 0.5513376
801 157.25 1574.3289 0.47442216
4898 25.5 3.2755861 0.47197554
4902 432.875 3887.9827 0.6073426
4906 539.4286 8165.4277 0.6423278
810 164.5 2883.4678 0.49901792
2858 505.35294 3257.27 0.629071
2861 503.6842 4027.8376 0.6256649
818 573.25 11285.626 0.65728134
819 51.5 51.586845 0.48374808
2868 201.0 2176.3374 0.50557417
2870 258.8 2118.9844 0.54705584
2871 423.66666 4232.643 0.5993275
4922 171.5 551.39636 0.5233757
826 213.5 528.3715 0.5301948
4925 258.8 2118.9844 0.54705584
829 388.9565 2702.8071 0.5895762
2877 501.64285 5006.0747 0.62935597
834 254.0 1975.3889 0.5482069
835 598.8 4892.8345 0.66018325
2886 366.16666 2181.1433 0.5844134
4938 459.0 3793.3743 0.61025566
4941 534.1818 4518.8975 0.6404213
848 524.8 5856.672 0.642546
2896 267.0 784.3423 0.54999125
2898 138.6 574.58344 0.5063504
851 423.5 3017.7488 0.60351145
4949 406.33334 5203.6406 0.59695023
2907 372.15152 2148.2 0.58759266
2909 515.381 4514.0747 0.63282245
867 330.2 4943.5444 0.5681734
868 187.30435 887.7255 0.5226348
871 211.25 2030.9591 0.5346927
2921 279.66666 2473.6255 0.55824834
2924 281.25 4068.4258 0.55233335
2925 511.0 6590.3335 0.6370619
879 507.2857 6748.7847 0.6334315
2927 505.5 3684.4907 0.6262885
883 465.5 17253.26 0.6144014
885 418.33334 3428.2876 0.60487837
4983 551.25 5044.562 0.64573514
4984 6.0 0.0 0.0
888 200.71428 1526.6667 0.52882963
4985 612.6539 6605.3145 0.66647696
2938 555.0 5846.9673 0.6522146
2939 297.69232 2820.8064 0.559656
2940 373.91666 1176.6332 0.5854614
2945 338.5 566.2639 0.5756734
4997 539.5 6191.991 0.6440712
2949 422.6087 3038.7278 0.60054386
4998 382.6 1191.6207 0.58716804
2950 61.75 229.12976 0.43834358
902 341.5 1084.9451 0.57561266
903 1.0 0.0 0.0
904 35.0 470.6715 0.44345772
5001 54.0 629.1126 0.48147056
5005 480.0 3912.9756 0.6221545
909 47.0 0.10756569 0.0
911 183.83333 964.84485 0.5246333
2960 270.7143 1918.4225 0.5507663
914 397.2 6703.657 0.5962377
915 415.62265 3735.9194 0.600196
5013 174.5 3053.6672 0.50230753
917 369.93332 3113.6055 0.5849077
2966 599.6667 12376.435 0.67507315
918 302.2 1298.9517 0.56246614
919 314.83334 1780.3848 0.5595982
920 416.0 6981.9062 0.6033527
5019 495.33334 12532.364 0.63919973
923 370.75 9434.485 0.5859785
5025 443.25 5198.363 0.6110813
2977 267.0 39.651615 0.0
2983 363.08334 2524.7944 0.5817433
5034 384.7143 2103.6868 0.589955
5037 486.6154 4733.699 0.623925
2990 426.0 3705.179 0.6060183
943 290.11765 2637.8127 0.55751896
945 76.75 70.38698 0.4841448
946 430.3846 4406.527 0.60548705
949 246.5 6301.628 0.5014952
951 331.0 778.0945 0.57266384
3003 10.333333 1.0666667 0.9444444
955 313.0 6737.701 0.5332751
5053 316.0 1211.2139 0.56053925
5054 462.2 6380.854 0.6225927
3006 579.9091 5287.066 0.6545942
3007 6.0 0.0 0.0
963 445.0 1181.278 0.6080122
964 322.5 2138.0771 0.5395927
5064 312.66666 4222.9746 0.5650132
973 448.0 1953.8099 0.6095579
5070 233.0 1719.2219 0.54123
5072 302.25 1976.1942 0.55564064
3025 1.0 0.0 0.0
3028 426.0 3705.179 0.6060183
5077 537.13043 5009.464 0.6415217
981 258.8 2118.9844 0.54705584
3030 183.0 69.04377 0.52185744
5081 420.33334 3430.0583 0.6000908
986 625.5 5504.2285 0.670482
3040 442.0 5975.887 0.61852926
993 269.66666 878.8835 0.54949695
994 320.0 3039.1362 0.5669444
5092 227.0 322.69217 0.5317768
5093 4.0 0.0 0.0
997 399.25 3292.6865 0.5984428
5094 356.44446 2656.3896 0.5832663
5096 258.8 2118.9844 0.54705584
5097 234.65 2077.2053 0.53870237
5100 393.94736 3502.5608 0.5926946
1006 1.0 0.0 0.0
3059 461.48148 4098.308 0.61470705
1012 401.45456 3268.9463 0.59534484
5110 412.25 3773.4727 0.6046326
3064 515.381 4514.0747 0.63282245
1021 248.6923 955.0507 0.5424133
5118 246.33333 5543.4673 0.52728695
5121 360.76923 2619.9346 0.5817286
1028 654.0 8043.4805 0.6824666
1032 20.0 0.0 0.0
1038 424.0 2663.9966 0.6009167
5134 368.66666 5811.227 0.5925164
5139 66.5 183.79878 0.47197318
1049 422.33334 3628.8933 0.5978784
1054 246.52942 2183.972 0.54218173
3102 470.5 1627.5684 0.61510277
1056 363.5 1396.491 0.5845331
1057 353.0 3153.5989 0.57747185
5153 472.0 4914.3496 0.62091196
1062 299.25 5505.1367 0.56321055
3113 370.0 10563.209 0.5884568
5161 179.0 0.0 0.0
1067 592.7059 6510.6934 0.65745085
1068 104.833336 293.0026 0.48880923
3116 187.5 584.0825 0.5273668
1069 644.6 7383.3535 0.6784715
3119 2.0 0.0 0.0
1072 398.0 12284.443 0.59601516
1073 501.46875 4047.2578 0.6275922
1074 405.83334 2904.799 0.5893213
1076 284.0 807.749 0.5418626
1077 4.0 0.0 0.0
5175 1.0 0.0 0.0
1081 197.25 5899.01 0.51768607
1082 513.08887 4309.144 0.6321053
5178 372.33334 3037.7505 0.5888082
5179 509.35593 3715.4595 0.630118
5182 513.3077 4414.2163 0.635356
3135 285.83334 1869.2133 0.55981743
1089 287.0 1830.0685 0.55955726
1094 38.75 512.40735 0.4524611
5190 192.22728 928.07666 0.524297
3144 508.2857 7482.4546 0.6368873
1097 207.0 323.60452 0.5339596
1098 475.72 4242.8477 0.61893964
3146 2.0 0.0 0.0
1099 304.0 2671.1943 0.56196976
5195 8.0 0.0 0.0
3148 227.13333 860.2175 0.535398
3150 168.22223 3213.0745 0.49306855
3157 562.0 4727.621 0.6505205
1112 534.0 7444.3613 0.6443353
1115 360.33334 1055.6289 0.584065
5213 9.666667 270.66666 0.4004154
1119 219.0 1268.7571 0.537527
5215 213.5 528.3715 0.5301948
3170 293.75 8616.226 0.5574703
3171 261.18182 1451.3608 0.54691446
3175 137.0 305.90622 0.5055839
1130 102.2 265.82733 0.4971226
1131 205.5 313.7423 0.51760274
5228 233.0 1719.2219 0.54123
3181 312.85715 1589.202 0.5663523
1136 91.0 0.0 0.0
1137 182.85715 1379.903 0.5256656
3186 1.0 0.0 0.0
1142 319.33334 1590.5659 0.5660616
1145 187.0 4086.4937 0.5041475
3201 138.33333 662.7136 0.5110303
1154 121.5 2013.5726 0.46678314
5250 137.6 3732.131 0.4717122
3203 487.75 9334.029 0.6344666
5252 331.0 2565.7358 0.5752693
1158 130.66667 622.83527 0.50489
1159 366.72726 2374.475 0.5836681
1162 255.6 2639.972 0.5452897
5259 584.16 5320.226 0.65530324
1166 586.5714 6515.7183 0.66048884
3215 1.5 0.0 0.15981676
1169 424.1 1936.5189 0.60091895
1170 217.66667 942.595 0.53716826
3222 432.5 4633.7905 0.6073306
3223 601.0 8089.6333 0.6632381
1180 173.75 710.35724 0.5093984
5278 289.0 357.3468 0.5584753
3232 186.0 857.503 0.5067403
3233 371.5 3700.463 0.571799
1186 280.7143 1998.0829 0.5592716
5282 460.0877 3188.507 0.6147895
1187 334.5 8891.496 0.56659824
3236 86.0 207.6764 0.48293
1188 502.5263 5002.1855 0.627139
1189 513.25 3791.6848 0.6340476
5285 510.5 7995.2407 0.6342184
3239 389.33334 4055.2305 0.59117395
3242 10.5 1.2 0.9583333
3243 309.125 4023.7927 0.5621423
1196 6.0 0.0 0.0
1197 455.16666 3361.192 0.6133227
3246 203.25 5107.3057 0.5180795
1202 588.9286 6349.6265 0.6594229
3251 540.5714 5212.762 0.6423167
3252 558.26086 6454.647 0.64799345
3254 347.22223 2784.508 0.58032244
3257 3.0 0.0 0.3994112
1211 309.0 1462.15 0.5614473
3260 396.33334 2312.6074 0.57128537
1212 392.25 4688.433 0.5931448
5309 386.31818 2868.131 0.59333545
1214 320.0 867.65265 0.569193
1216 248.0 2766.828 0.5406101
1217 102.2 265.82733 0.4971226
5317 273.3889 1152.9648 0.5545922
3270 496.55554 6574.025 0.6329385
1222 195.75 8622.466 0.5162606
1223 176.5 3981.0203 0.49036875
1224 595.6087 6109.63 0.6601878
5321 423.5 2206.5886 0.60013795
1226 221.75 373.71005 0.53735894
5326 53.0 208.13765 0.44121456
1232 69.0 3041.7568 0.42675006
1233 509.5 6520.0625 0.63356006
1234 204.0 133.07207 0.0
1236 260.5263 894.5095 0.54993206
5332 479.25 3964.8308 0.6232056
1237 332.91306 3227.7305 0.52815235
1240 6.0 0.0 0.0
1244 225.0 681.4482 0.539917
1248 182.0 239.4518 0.5195817
5346 233.6 1890.5946 0.54091454
5347 403.5 10615.007 0.6013385
3300 290.0 5039.241 0.54868644
3301 537.7222 4934.685 0.6418092
1253 227.42857 690.1926 0.5355503
3303 336.0 2298.6892 0.58117
1256 3.0 0.0 0.0
3305 181.0 649.3632 0.0
3310 294.33334 799.1944 0.56085086
5358 50.333332 175.26367 0.4226004
1263 427.625 2881.8918 0.6034027
5365 420.0 6794.88 0.60582346
1270 6.0 0.0 1.0
5366 51.5 51.586845 0.48374808
1271 395.18182 2044.3936 0.59338355
1272 489.57144 4101.3936 0.6276676
5368 437.2857 7269.2837 0.60783994
1273 47.666668 26.561779 0.46500695
1274 357.03705 2338.2576 0.5801732
5374 314.75 1021.5911 0.55746937
5375 471.25 4204.572 0.62229604
3329 199.0 4161.8403 0.51013154
3331 443.4 2234.4902 0.60858727
1290 513.2 6348.216 0.6325832
1291 429.64 3415.3232 0.6059658
3340 436.2857 4206.764 0.60770136
5389 258.8 2118.9844 0.54705584
5390 185.33333 268.95514 0.51117384
1297 343.0 2230.2405 0.56900674
3345 491.2 5359.3794 0.6184147
5396 150.6 535.2111 0.5084468
3348 5.0 0.0 0.0
3351 441.92105 3588.0452 0.60634923
3353 153.33333 274.3123 0.5108122
5402 346.375 1804.5475 0.5791676
3355 213.9375 2166.3398 0.5291163
1308 530.0833 4247.4375 0.6406733
1313 427.51614 4184.5693 0.605734
5411 56.8 94.019615 0.4721452
1315 609.8333 6852.5874 0.6660067
3363 206.71428 1698.0254 0.52898437
1319 2.0 0.0 0.0
3369 255.375 2525.5703 0.54584914
3375 498.7143 1622.201 0.6230523
5426 411.33334 6828.553 0.6027187
3378 520.46155 3909.2031 0.63161653
5428 227.0 664.462 0.53216046
5429 312.66666 4222.9746 0.5650132
1334 1.0 0.0 0.0
3384 342.08334 1682.8069 0.57591724
3386 137.0 305.90622 0.5055839
1339 314.66666 1746.095 0.5629538
3387 540.5 6426.4087 0.64006346
1342 497.875 6520.7666 0.62714905
5439 91.0 366.60764 0.4573124
3392 294.5 915.9691 0.55530185
5443 232.5 525.8973 0.52099115
3398 312.6 4129.5005 0.5655048
3400 351.07144 4298.6113 0.57343674
5449 125.28571 568.0403 0.5060824
3401 202.46153 493.05048 0.52698016
3402 245.0 2377.0073 0.5423326
5451 334.7143 2826.957 0.5717195
5453 655.0 9885.347 0.68983567
5455 9.0 0.0 0.43297872
5456 64.0 180.71391 0.0
1360 271.0 1286.2545 0.54308236
1362 407.0 425.87616 0.0
5465 367.6842 2158.8162 0.5845382
5466 487.66666 5835.8843 0.62242734
3420 486.66666 10367.9795 0.6313689
1374 355.75 2800.485 0.57985723
3422 462.0 7483.563 0.6201602
3427 557.8 5241.201 0.6477683
5476 237.35715 2302.82 0.5389522
3428 246.52942 2183.972 0.54218173
1381 4.0 0.0 0.0
3429 226.5 2355.4827 0.5360695
1382 422.08334 2537.1052 0.6020754
3430 241.57143 2353.2688 0.54038846
5479 214.11765 2310.8542 0.5286479
3434 249.0 5543.4673 0.52827406
1389 237.71428 921.6616 0.53892165
1390 356.57144 1857.6061 0.55942816
3439 475.13043 2893.065 0.6196016
1395 504.6 8717.522 0.6291782
3448 572.1429 4578.2573 0.65287876
5497 338.0 701.7781 0.57581776
1401 216.85715 2371.5667 0.5292768
5498 367.0909 1596.8282 0.5841633
1402 461.44446 3255.186 0.61598456
1406 12.25 0.22771461 0.42311436
1408 416.5 3403.4707 0.60577375
1410 498.0 4204.0425 0.627651
5508 283.5 1132.9791 0.56074387
5510 362.17856 2288.867 0.581724
3463 316.16666 1981.1626 0.5691414
1415 535.5 5416.352 0.6390358
5512 528.7059 4938.3833 0.6395771
3465 148.5 817.5388 0.45978603
3466 443.2857 3325.57 0.60699314
1422 399.66666 4276.2026 0.5990241
5523 579.25 4237.5415 0.6517203
1427 50.833332 78.34968 0.46964303
1428 219.5 3115.6094 0.5317913
3478 366.8 2509.4312 0.5832258
1430 357.45456 1582.2502 0.5749162
1432 100.0 0.0 0.5022625
5529 496.5 8220.093 0.6313203
1434 233.75 2266.3267 0.5341693
1435 96.0 131.12537 0.48865175
5533 264.52942 1021.3337 0.55177575
5535 501.83334 3727.1147 0.6287743
3487 187.5 261.00305 0.52714044
5542 568.1667 5441.0234 0.6530749
3494 196.25 4163.736 0.5054184
3495 358.0 10708.535 0.57846564
3497 153.0 2891.767 0.48540562
1458 324.0 760.58344 0.5457526
1461 461.07144 3124.8616 0.6145216
5559 402.0 3046.674 0.5944537
5563 2.0 0.0 0.213089
3515 404.77274 2411.4998 0.5976845
5565 355.0 3415.3718 0.58694947
1472 556.75 13743.172 0.65513486
1473 133.0 621.673 0.5088358
3523 329.625 2448.1606 0.57174456
5576 4.0 0.0 0.41138813
1480 316.875 1091.6442 0.56973433
3531 200.75 200.4048 0.5342126
1483 489.125 5644.77 0.6285691
1484 8.0 270.66666 0.36235595
3533 236.0 982.97546 0.53438926
1486 185.66667 4209.763 0.49747035
3536 328.55554 2678.4163 0.56952745
1489 396.0 6142.473 0.6011597
1501 526.4483 5299.756 0.6371868
3551 376.13333 2007.5248 0.5874923
1503 480.625 3932.8757 0.6236173
1504 559.26086 5409.8486 0.6461402
5602 484.5263 4241.974 0.6239873
1507 418.02856 2867.518 0.6019271
5604 6.0 0.0 1.0
5605 11.0 1.6 0.0
1512 383.16666 1747.4617 0.58872706
5609 11.0 1.6 1.0
5610 246.0 2276.9146 0.54856396
1515 499.5 4747.5015 0.6286867
1516 460.0 7613.7954 0.62289757
3565 356.66666 1859.8815 0.57326216
3566 502.57144 10519.241 0.6366989
1518 453.9375 3520.5303 0.61384624
5618 6.0 0.0 0.0
1522 304.45456 2970.6675 0.56338
1523 279.4 1596.4968 0.5529992
5623 6.0 0.0 1.0
3576 199.0 4161.8403 0.51013154
5627 216.6 1726.1049 0.50859135
1535 319.2 2452.1804 0.56685704
1537 559.0 4489.7144 0.6490636
1538 349.0 2772.6382 0.5771423
1539 292.25 6525.8003 0.53497183
5636 120.42857 218.50446 0.5000076
1541 277.66666 1980.3822 0.55442995
3592 351.25925 2319.2676 0.57811236
3595 41.2 1711.7616 0.3824023
5646 3.0 0.0 0.41124958
5647 201.0 15.162048 0.0
5652 545.4211 6682.655 0.6451745
1557 187.30435 887.7255 0.5226348
5653 7.0 0.0 0.0
3606 292.66666 7069.852 0.56129223
5655 6.0 0.0 1.0
1561 372.57144 1066.3641 0.58330965
5657 6.0 0.0 0.0
1564 361.0 1903.2611 0.58188003
3613 332.5 2978.1182 0.5780579
5661 633.7083 7683.0674 0.67391807
3614 521.7037 4786.116 0.6343529
3615 449.94446 2495.0864 0.6127486
3619 303.16666 2144.6536 0.56187075
5667 333.83334 1823.6611 0.49079147
5669 2.0 0.0 0.0
3622 554.5833 5444.1904 0.64628696
5671 5.0 0.0 0.0
3624 434.5 2845.003 0.6071169
5673 391.33334 753.9622 0.591145
5676 213.66667 192.79955 0.5334467
3630 242.2 1579.9097 0.52894056
5679 461.5 2272.573 0.60750115
5681 4.0 0.0 0.0
3634 469.15 2908.2603 0.61645275
3635 344.54544 3602.2627 0.5708156
1588 467.8889 2772.747 0.6173396
5684 15.0 0.0 0.0
5685 28.0 0.0 0.47179288
3638 534.1111 6800.8477 0.63826615
5686 314.75 1021.5911 0.55746937
5688 9.0 0.34726438 0.0
1593 418.84616 2563.7717 0.6012783
3641 410.5 1461.3401 0.5971337
5691 139.5 73.57981 0.5111444
5692 233.66667 814.5152 0.52616656
5693 249.0 2098.695 0.5121061
5694 249.0 359.1777 0.54117507
5702 275.0 1704.3828 0.5460981
5705 1.0 0.0 0.0
1611 503.73685 4193.919 0.6287467
5707 4.0 0.0 0.0
3660 524.8 4261.9375 0.6332926
5708 7.0 0.0 0.0
3662 606.25 11144.231 0.67465967
1616 160.5 750.3517 0.51755184
5712 41.2 1711.7616 0.3824023
1619 1.0 0.0 0.0
5721 556.8421 5858.494 0.64724684
5726 145.33333 1039.3257 0.46780553
3680 220.5 411.46844 0.5326682
5731 127.333336 254.92186 0.5023311
5737 1.5 0.0 0.15981676
5741 347.66666 2780.6611 0.55496943
5745 247.85 1032.9845 0.52325416
5746 8.0 0.0 0.34608844
3701 143.27272 2628.8792 0.48264885
5749 6.0 0.0 1.0
3704 568.1667 5441.0234 0.6530749
1664 352.5 10563.209 0.5545512
3713 363.77777 1839.0724 0.58361995
5761 110.5 832.6854 0.44348073
5763 9.0 0.8 0.85714287
1668 472.94736 3040.2917 0.61786765
5765 5.0 0.0 0.0
3718 454.0 16623.332 0.61056966
1671 220.5 411.46844 0.5326682
1672 112.5 2142.5083 0.47333908
1673 256.2857 1940.8625 0.5502297
1675 140.5 559.17664 0.4772443
5772 8.0 0.0 0.34608844
3726 221.0 827.1965 0.0
1678 491.73334 4185.8994 0.62596077
3729 43.0 4.381171 0.0
1686 213.0 295.72006 0.0
3735 51.0 3798.8218 0.0
3736 451.66666 6571.3755 0.61316466
5787 6.0 0.0 0.33982745
3743 120.42857 218.50446 0.5000076
1696 3.0 0.0 1.0
1698 306.0 1436.4586 0.561453
5794 9.0 0.0 0.0
1700 463.57144 3384.666 0.61642534
3749 370.66666 1317.121 0.5858177
5797 120.42857 218.50446 0.5000076
1706 372.66666 9547.525 0.5939835
5804 9.0 0.8 0.85714287
1709 426.8158 3626.7495 0.60429406
5805 10.5 1.2 0.9583333
1710 2.0 0.0 0.0
1711 257.0 2525.3103 0.5486348
3760 224.33333 983.4031 0.5335293
3764 390.36365 3869.3088 0.59386086
5812 74.28571 155.0341 0.47902438
5826 157.5 1574.002 0.47455683
1731 537.0 5663.463 0.64490604
5832 10.0 0.8 0.9166667
3786 339.5263 2833.027 0.5732354
5835 10.5 1.2 0.9583333
5842 1.0 0.0 0.0
1747 368.0909 1578.546 0.58435935
3797 411.875 7757.1333 0.6033265
5845 268.75 2164.9866 0.5349451
3798 264.82352 1035.8478 0.55189145
3799 448.0 5179.0845 0.60475385
3800 340.66666 1264.8572 0.55667377
5848 8.0 0.0 0.3460776
5850 82.5 44.167828 0.48746362
1755 295.66666 3211.7744 0.56439805
5851 7.0 0.0 0.0
3806 402.0 4631.273 0.5975023
1761 143.5 4464.4717 0.50225294
5859 80.666664 127.849075 0.48255676
1765 381.66666 2278.8403 0.58877736
5861 9.4 162.53334 0.40057695
5862 9.5 203.16667 0.4005901
5863 9.75 304.75 0.4006229
5864 9.666667 270.8889 0.40061197
1769 68.0 183.39642 0.4427722
1771 431.9365 3428.9817 0.6049037
5867 9.5 203.16667 0.4005901
5869 9.75 304.75 0.4006229
1774 6.0 0.0 0.33982202
1775 158.75 590.56445 0.5143901
1776 518.5 5261.9873 0.6342571
3825 53.0 208.59538 0.44135258
3827 271.33334 1698.163 0.55197924
3833 587.3571 5306.0405 0.658195
3835 561.375 7142.494 0.65341336
3836 430.0 2537.9902 0.6056457
1789 211.75 2037.9705 0.5348476
3843 502.69232 4775.6934 0.63099587
1797 395.33334 3510.8308 0.58996254
1798 472.5 4106.973 0.62502605
3847 82.5 44.167828 0.48746362
1802 393.1579 1831.9222 0.5922867
3859 536.66 4060.8123 0.6386707
1816 434.1875 3677.8657 0.6031827
1827 212.66667 11543.512 0.5185079
3876 143.5 4464.4717 0.50225294
3879 599.4 13080.522 0.67028224
3881 50.666668 175.50323 0.42279643
1838 439.05 2719.056 0.6074532
3887 351.0 2964.7432 0.57825536
1841 356.25 2805.064 0.5799937
3892 405.66666 3670.098 0.5973188
3896 280.25 2156.855 0.55675054
1854 474.90475 4446.0796 0.6216236
3902 9.0 0.0 0.43317974
1858 355.5 4334.983 0.55587465
1859 296.5 4553.759 0.5454191
3907 361.05884 2498.0134 0.5565913
3909 286.66666 1261.5039 0.55886614
1866 207.5 109.68037 0.53427094
1868 439.5 1268.8638 0.605012
3922 320.7 3258.4229 0.5693987
3939 241.75 483.20328 0.54500043
1897 143.5 4464.4717 0.50225294
3945 509.6111 4472.4756 0.6320169
1898 398.6 2080.7612 0.58360344
3946 366.42856 4637.1836 0.5836212
1899 609.5 5425.1846 0.6629651
3947 12.5 0.45542923 0.42364463
1901 486.22223 3341.122 0.6241341
1903 49.0 35.94068 0.0
3955 6.0 0.01754386 0.0
1910 291.16666 2586.8684 0.56248575
3958 380.46667 1702.0931 0.5881511
3959 6.0 0.0 0.0
3960 458.33334 1365.6089 0.60989875
3963 448.75 3562.5884 0.6117594
3966 9.0 0.0 0.43317974
3972 443.71875 3064.289 0.60953146
3975 540.0909 4346.359 0.6399967
3981 402.125 2592.6045 0.59811103
3982 199.5 4167.585 0.51033115
3983 398.66666 6157.728 0.60560477
1939 521.7273 4318.45 0.6363087
1943 275.5 404.78314 0.55411726
3992 279.5 5411.753 0.5564507
1948 524.3333 5591.317 0.6363805
1961 432.64706 3542.1382 0.6027781
1962 550.1667 5698.1284 0.64513594
1963 427.66666 2961.7012 0.60870147
1969 506.85715 3891.2422 0.6324017
4019 510.3889 6542.12 0.6337531
1971 193.0 213.99348 0.5245377
4020 143.5 4464.4717 0.50225294
1977 458.0 5231.6636 0.6142284
1985 157.5 1574.002 0.47455683
1986 438.875 3381.2454 0.6085812
4040 452.30768 3033.0583 0.61284727
1994 157.5 1574.002 0.47455683
4046 382.75 9986.94 0.58568454
2006 602.5455 5155.1084 0.66306853
4059 267.8 368.65298 0.5505669
4069 218.81818 867.2847 0.53768456
2022 316.0 2675.053 0.56767684
4073 242.5 725.05145 0.5398927
2026 420.23077 2571.942 0.60160345
4075 272.0 1038.7341 0.55248135
2032 82.75 197.62672 0.49032903
4082 179.8 2495.2114 0.5166724
4083 286.33334 4158.6855 0.5571405
2035 433.33334 13325.125 0.606531
4089 49.0 2.2485685 0.4768473
4090 246.8 955.1579 0.5324038
